==============================================================================================================
FC rule (epsilon_lift > 0, zero fitted parameters), acquired episodes, Wilson 95 percent intervals
==============================================================================================================
cell                   n_acq  n_fc n_nfc            P(s|FC)           P(s|nFC)  balacc  AUROC
expert@0.5               100   100     0  1.00 [0.96,1.00]                 na    None   None
expert@1                 100   100     0  1.00 [0.96,1.00]                 na    None   None
expert@1.5               100   100     0  0.99 [0.95,1.00]                 na   0.500  0.111
expert@2                 100   100     0  0.84 [0.76,0.90]                 na   0.500  0.481
expert@2.25              100   100     0  0.80 [0.71,0.87]                 na   0.500  0.397
expert@2.5               100   100     0  0.29 [0.21,0.39]                 na   0.500  0.674
expert@3                 100   100     0  0.00 [0.00,0.04]                 na    None   None
expert@pooled            700   700     0  0.70 [0.67,0.74]                 na   0.500  0.697
dagger@0.5                49    40     9  0.05 [0.01,0.17]  0.00 [-0.00,0.30]   0.596  0.894
dagger@1                  65    58     7  0.05 [0.02,0.14]  0.00 [-0.00,0.35]   0.556  0.688
dagger@1.5                77    67    10  0.01 [0.00,0.08]  0.00 [0.00,0.28]   0.566  0.579
dagger@2                  69    60     9  0.05 [0.02,0.14]  0.00 [-0.00,0.30]   0.568  0.692
dagger@2.25               55    48     7  0.02 [0.00,0.11]  0.00 [-0.00,0.35]   0.565  0.778
dagger@2.5                43    33    10  0.00 [-0.00,0.10]  0.00 [0.00,0.28]    None   None
dagger@3                  17    12     5  0.00 [0.00,0.24]  0.00 [0.00,0.43]    None   None
dagger@pooled            375   318    57  0.03 [0.02,0.06]  0.00 [0.00,0.06]   0.578  0.722
dp@0.5                    98    86    12  0.69 [0.58,0.77]  0.00 [0.00,0.24]   0.654  0.494
dp@1                     100    96     4  0.71 [0.61,0.79]  0.00 [0.00,0.49]   0.562  0.244
dp@1.5                   100    96     4  0.76 [0.67,0.83]  0.00 [0.00,0.49]   0.574  0.609
dp@2                     100    90    10  0.60 [0.50,0.70]  0.00 [0.00,0.28]   0.609  0.671
dp@2.25                   96    62    34  0.15 [0.08,0.25]  0.00 [0.00,0.10]   0.695  0.748
dp@2.5                    83    23    60  0.09 [0.02,0.27]  0.00 [0.00,0.06]   0.870  0.938
dp@3                      27     1    26  0.00 [0.00,0.79]  0.00 [0.00,0.13]    None   None
dp@pooled                604   454   150  0.58 [0.54,0.63]  0.00 [0.00,0.02]   0.721  0.732
act@0.5                  100    94     6  0.89 [0.82,0.94]  0.00 [0.00,0.39]   0.688  0.667
act@1                    100   100     0  1.00 [0.96,1.00]                 na    None   None
act@1.5                  100   100     0  0.91 [0.84,0.95]                 na   0.500  0.432
act@2                    100    92     8  0.58 [0.47,0.67]  0.00 [0.00,0.32]   0.585  0.667
act@2.25                 100    84    16  0.43 [0.33,0.54]  0.00 [0.00,0.19]   0.625  0.734
act@2.5                   42    30    12  0.00 [0.00,0.11]  0.00 [0.00,0.24]    None   None
act@3                      0  (no acquired episodes with a stored margin)
act@pooled               542   500    42  0.73 [0.69,0.77]  0.00 [0.00,0.08]   0.618  0.829
act_seed2@1              100    78    22  0.90 [0.81,0.95]  0.00 [0.00,0.15]   0.867  0.810
act_seed2@1.5             98    81    17  0.72 [0.61,0.80]  0.00 [-0.00,0.18]   0.713  0.524
act_seed2@2              100    76    24  0.47 [0.37,0.58]  0.00 [0.00,0.14]   0.688  0.589
act_seed2@pooled         298   235    63  0.70 [0.64,0.75]  0.00 [0.00,0.06]   0.735  0.695
act_seed3@1              100    70    30  0.89 [0.79,0.94]  0.00 [0.00,0.11]   0.895  0.862
act_seed3@1.5            100    69    31  0.64 [0.52,0.74]  0.00 [0.00,0.11]   0.777  0.708
act_seed3@2              100    59    41  0.24 [0.15,0.36]  0.00 [0.00,0.09]   0.738  0.723
act_seed3@pooled         300   198   102  0.61 [0.54,0.67]  0.00 [0.00,0.04]   0.783  0.830

==============================================================================================================
Transfer protocols, fitted on the fit set only, every number below is a held-out test-set quantity
==============================================================================================================
protocol                             margin                 n_fit n_test  AUROC ba@tau*   ba@0     tau*  Brier Brier0    ECE
rate_holdout                         epsilon_lift            1089   1132  0.622   0.651  0.626    0.001  0.311  0.379  0.311
rate_holdout                         epsilon_reorient        1089   1132  0.678   0.676  0.660    0.001  0.332  0.379  0.337
rate_holdout                         epsilon_preinsert       1089   1132  0.717   0.707  0.618    0.001  0.376  0.379  0.389
rate_holdout                         epsilon_beta_lift       1089   1132  0.483   0.499  0.483    0.002  0.437  0.379  0.468
actor_holdout_expert                 epsilon_lift            1521    700  0.697   0.540  0.500    0.001  0.249  0.289  0.216
actor_holdout_dagger                 epsilon_lift            1846    375  0.722   0.621  0.578    0.001  0.536  0.363  0.653
actor_holdout_dp                     epsilon_lift            1617    604  0.732   0.737  0.721    0.001  0.183  0.256  0.049
actor_holdout_act                    epsilon_lift            1679    542  0.829   0.711  0.618    0.001  0.222  0.267  0.243
unseen_seed_act_seed2                epsilon_lift            2221    298  0.695   0.680  0.735    0.001  0.179  0.249  0.135
unseen_seed_act_seed3                epsilon_lift            2221    300  0.830   0.794  0.783    0.001  0.158  0.252  0.080
joint_expert_id_to_learners_ood      epsilon_lift             300    732  0.650   0.536  0.672    0.001  0.513  0.779  0.514

Reliability of the rate-holdout logistic model on the held-out rates (primary margin)
  bin 0  n  227  mean predicted 0.104  observed 0.009
  bin 1  n  226  mean predicted 0.750  observed 0.381
  bin 2  n  226  mean predicted 0.750  observed 0.416
  bin 3  n  226  mean predicted 0.751  observed 0.447
  bin 4  n  227  mean predicted 0.752  observed 0.300
